1672865658609
garden
cat
7
hunger : 0.22429247685185158
thirst : 0.21834683449074047
weight : 0.0
hygiene : 0.23684683449074048
moral : 0.7708468344907403
health : 1.0
energy : 0.10565703703703688
