1672864802570
livingroom
cat
7
hunger : 0.42973041087962954
thirst : 0.42978476851851843
weight : 0.42978476851851843
hygiene : 0.42978476851851843
moral : 0.42978476851851843
health : 1.0
energy : 0.6997847685185182
