Fri Dec 02 20:09:13 CET 2022
test
5
hunger : -3.0878077872387166E-16
thirst : -3.0878077872387166E-16
weight : -3.0878077872387166E-16
hygiene : 0.6600000000000001
moral : -3.0878077872387166E-16
