Fri Dec 02 20:10:14 CET 2022
test
5
hunger : 0.3599999999999999
thirst : 0.3599999999999999
weight : 0.3599999999999999
hygiene : 0.6000000000000001
moral : 0.3599999999999999
