Fri Dec 02 21:13:55 CET 2022
test
5
hunger : -0.06000000000000032
thirst : -0.06000000000000032
weight : -0.06000000000000032
hygiene : 0.51
moral : -0.06000000000000032
