Thu Dec 01 22:06:50 CET 2022
test
hunger : 0.20999999999999974
thirst : 0.20999999999999974
weight : 0.20999999999999974
hygiene : 0.54
moral : 0.20999999999999974
