Thu Dec 01 20:51:40 CET 2022
test
5
hunger : 0.3999999999999999
thirst : 0.3999999999999999
weight : 0.3999999999999999
hygiene : 0.6400000000000001
moral : 0.3999999999999999
